0.186034765715
0.181383100907
0.181460315
0.181383100907
0.181389189473
0.181474152651
0.181714097522
0.182877013724
0.182590297593
0.182378028024
0.200551568775
0.179334575032
0.202930261006
0.183676276454
0.204740225775
0.187537811382
0.196955716749
0.187918623541
0.190972316395
0.193256635846
0.178950995342
0.179269261319
0.181827566262
0.183562807715
0.185277015938
0.186941962124
0.187530892556
0.187806538567
0.188354786305
0.211949088514
0.178495183114
0.178819260903
0.181894540493
0.198080164281
0.184163085021
0.186162625611
0.187506815043
0.187133751968
0.187750357703
0.188162719707
0.190450083441
0.179149150507
0.181672031063
0.183120279631
0.18414371231
0.186170097943
0.187093899533
0.187437350034
0.18768781152
0.188114011175
0.125603529155
0.12378304777
0.12476718152
0.125621794854
0.126595135235
0.127379453302
0.127677516308
0.128271981801
0.128315155272
0.14152623757
0.125590798515
0.123613121414
0.124771886321
0.125823824561
0.126230651504
0.127344582421
0.127899748985
0.127389416411
0.127611925841
0.143930667833
0.186842331035
0.181258008541
0.181407455173
0.182078581253
0.182070278663
0.182074429958
0.182142511202
0.182407363844
0.182398230995
0.182343987402
0.185342329652
0.181155886675
0.181479134206
0.181388635967
0.182520832584
0.181749245156
0.181627473826
0.182016865329
0.182078858006
0.182714282947
0.125416997617
0.123605925836
0.124682771848
0.12568185026
0.126444581591
0.126899840314
0.12754771914
0.127660634373
0.128110911541
0.128423088951
0.125211646874
0.123378434851
0.124653159274
0.125682127013
0.126445965356
0.126810449087
0.127186002939
0.127296150642
0.151505674821
0.128113125566
0.082947862498
0.0807404803879
0.0821297805625
0.083226276039
0.0835733243296
0.0849208347978
0.0848715727598
0.0852479568708
0.085225539876
0.0858236031583
0.0831028441908
0.0807476759665
0.0822485076093
0.0831504457107
0.083625630651
0.0846025688216
0.0848369786319
0.0850533994958
0.0853046912405
0.0858393780806
0.0831930656763
0.0813523813214
0.0824195409774
0.0836414055733
0.0838392839846
0.0848679749705
0.0850586578032
0.0854225880282
0.0863682531072
0.0866522017087
0.083007641151
0.0808766428751
0.0821895592155
0.082984117144
0.0838174204958
0.0844340262307
0.0853379016032
0.0851577353854
0.0852399310331
0.0871481431256
0.0832329181115
0.0807864213897
0.0822819947251
0.0830873460215
0.0836167745542
0.0848402996682
0.0849997094093
0.0854386397035
0.085310503054
0.085673879773
0.0830430655379
0.0808204620115
0.0821200942067
0.0829758145533
0.083772033
0.0845095798059
0.0849180672676
0.0859093965954
0.0852764624322
0.0859589353865
0.0831122537936
0.0808658495072
0.082365297385
0.0833034901324
0.0838492470934
0.084898417803
0.0850500784595
0.085808381742
0.0854311673719
0.0856907617073
0.0830538589058
0.0808583771756
0.082075260217
0.0830289511337
0.0838348559362
0.0845378086142
0.0852977724149
0.0852219420867
0.0852247096169
0.0857284001185
